num crossings	time (s)	maj axis (mm)	min axis (mm)	theta (rad )	slope (V/s)
2069	3452.045049	77.786454	-11.970125	0.573620	86.723196
2071	3454.138358	77.990497	-12.132045	0.576322	86.173329
2075	3458.318852	78.118622	-12.157505	0.571493	88.059610
2077	3460.404924	77.723459	-12.121908	0.568148	88.148473
2079	3462.490388	77.980027	-12.039641	0.561239	89.285050
2081	3464.577726	77.733659	-11.996824	0.555224	87.240900
2083	3466.667541	77.408131	-11.913943	0.555057	86.046103
2085	3468.759436	77.253737	-11.925580	0.555875	85.562991
2087	3470.851347	77.088751	-11.892475	0.556578	85.665696
2089	3472.943426	76.990177	-11.871788	0.555343	85.860061
2093	3477.124340	76.889944	-11.901521	0.552764	83.841218
2095	3479.214073	76.851894	-11.808885	0.548857	86.612808
2097	3481.302662	76.692511	-11.867572	0.546573	83.582570
2099	3483.390492	76.546683	-11.775399	0.546991	83.795414
2101	3485.478232	76.471746	-11.837250	0.548481	82.543028
2103	3487.566127	76.377219	-11.826923	0.547335	85.091869
2105	3489.655902	76.231662	-11.833257	0.546063	86.678186
2107	3491.747624	76.064281	-11.848505	0.541949	83.159573
2109	3493.841439	75.601051	-11.838273	0.536545	84.201917
2111	3495.935001	75.760627	-11.858357	0.531513	85.102635
2113	3498.027050	75.650336	-11.805039	0.527267	82.788504
2115	3500.116631	75.745471	-11.731170	0.528153	84.076095
2117	3502.204764	75.725206	-11.695845	0.528567	82.983478
2121	3506.379352	75.216583	-11.650152	0.528904	80.297460
2123	3508.467366	75.428978	-11.701392	0.529440	82.049931
2127	3512.644606	75.194890	-11.786393	0.525978	81.347243
2129	3514.733854	74.868766	-11.725113	0.521281	81.980882
2131	3516.823639	74.774652	-11.700429	0.520826	81.267851
2133	3518.913819	74.743676	-11.695450	0.518764	79.215909
2135	3521.003649	74.447595	-11.655271	0.517984	80.476658
2137	3523.094474	74.482890	-11.689259	0.515641	84.039642
2139	3525.185527	74.516867	-11.681273	0.514983	78.693954
2141	3527.277044	74.148743	-11.615762	0.513481	78.157187
2143	3529.369276	74.076526	-11.546372	0.511699	77.202864
2145	3531.461225	74.382723	-11.622723	0.513942	79.296693
2147	3533.553084	74.193992	-11.577136	0.513286	81.110227
2151	3537.732702	74.005350	-11.702449	0.508247	78.268365
2153	3539.820117	73.796512	-11.577306	0.504209	78.850181
2155	3541.906621	73.869348	-11.574861	0.500408	77.657556
2159	3546.080022	73.666476	-11.560363	0.496049	78.079346
2161	3548.169007	73.213413	-11.441124	0.493061	78.248639
2163	3550.259062	73.240667	-11.588073	0.493868	77.616145
2165	3552.349761	73.075805	-11.486962	0.493087	76.248446
2167	3554.440421	72.885947	-11.493980	0.492790	77.110419
2169	3556.530415	72.963417	-11.470559	0.491520	75.959831
2171	3558.620268	72.699442	-11.406771	0.490314	74.955106
2175	3562.797803	72.824140	-11.564460	0.490944	80.447336
2177	3564.886781	72.449792	-11.501877	0.488310	76.037811
2179	3566.976369	72.542634	-11.460837	0.488081	76.817184
2181	3569.067280	72.422875	-11.482378	0.486751	77.513381
2185	3573.253027	72.129682	-11.596683	0.479505	78.006904
2187	3575.345469	71.915861	-11.562392	0.474540	73.666589
2189	3577.437019	72.070535	-11.443596	0.473669	75.443720
2191	3579.527250	71.959279	-11.443913	0.471806	77.619997
2193	3581.616112	72.015751	-11.394478	0.471024	75.921015
2197	3585.792794	71.673978	-11.439029	0.471794	74.244688
2199	3587.881191	71.680384	-11.397951	0.471696	74.715100
2201	3589.969407	71.604400	-11.357620	0.471551	71.058074
2205	3594.146644	71.122760	-11.404591	0.466290	74.034059
2207	3596.236136	71.066172	-11.340207	0.467263	72.183453
2209	3598.325709	71.068074	-11.330902	0.465403	72.473397
2213	3602.506479	70.612554	-11.272372	0.462711	73.553680
2215	3604.596848	70.624477	-11.317149	0.461296	72.826015
2217	3606.688002	70.565278	-11.246170	0.460187	71.629555
2221	3610.869971	70.555349	-11.308874	0.458226	71.360182
2223	3612.961040	70.269484	-11.236172	0.457539	71.556961
2225	3615.050735	70.290914	-11.277972	0.454327	72.050182
2227	3617.139877	70.211362	-11.269348	0.452286	70.902284
2231	3621.315782	69.860551	-11.242179	0.447113	74.556053
2233	3623.402199	69.742288	-11.216903	0.445943	72.263161
2235	3625.488594	69.987860	-11.222134	0.443865	71.811042
2237	3627.576216	69.656533	-11.256484	0.440640	71.178415
2239	3629.664761	69.498537	-11.232400	0.438794	70.489975
2241	3631.753830	69.527238	-11.270034	0.438852	67.837498
2243	3633.843533	69.319148	-11.262499	0.438203	68.976803
2245	3635.933530	69.419131	-11.273970	0.437247	68.997919
2247	3638.023278	69.155917	-11.282401	0.437678	65.870373
2249	3640.112665	68.936568	-11.292910	0.434689	68.980532
2251	3642.202362	68.907941	-11.275237	0.434416	68.817283
2253	3644.291834	68.903886	-11.376904	0.435868	67.530634
2255	3646.381924	68.522805	-11.279525	0.432491	69.495526
2257	3648.472880	68.485752	-11.283835	0.432049	69.421370
2259	3650.564753	68.430108	-11.464398	0.431061	67.107352
2261	3652.657544	68.489018	-11.344788	0.427869	65.152429
2263	3654.749754	67.997622	-11.333273	0.421720	66.982808
2265	3656.841242	68.125880	-11.322465	0.421039	64.884892
2267	3658.931653	67.947570	-11.346336	0.418188	67.200175
2271	3663.111129	68.106697	-11.330576	0.418546	67.001125
2273	3665.199959	67.984428	-11.317167	0.419184	65.179782
2275	3667.289077	67.774371	-11.276667	0.415241	65.764922
2279	3671.466742	67.641372	-11.291899	0.414918	63.342780
2281	3673.555985	67.242507	-11.236499	0.413445	65.895686
2283	3675.645245	67.388563	-11.263179	0.413962	63.451762
2287	3679.824587	67.231994	-11.261798	0.411116	66.660354
2289	3681.914225	67.033765	-11.275745	0.410526	66.746150
2291	3684.004105	67.097918	-11.297961	0.409054	67.189729
2293	3686.094418	66.950274	-11.271817	0.409400	65.850331
2295	3688.184231	66.957737	-11.292189	0.408142	64.879724
2299	3692.363677	66.715268	-11.385552	0.405386	64.167704
2301	3694.453193	66.627970	-11.293144	0.403285	61.503725
2303	3696.542423	66.484717	-11.227000	0.400650	63.731222
2307	3700.718368	66.284600	-11.340377	0.398714	64.284608
2309	3702.804727	66.344595	-11.306310	0.397282	61.934602
2311	3704.891748	66.362169	-11.393216	0.394764	65.380965
2313	3706.978813	66.054376	-11.321307	0.390883	64.206609
2315	3709.066757	65.785255	-11.306603	0.388932	62.278438
2317	3711.155526	65.980842	-11.345396	0.389389	62.314623
2319	3713.244900	65.811814	-11.316884	0.387252	64.989647
2321	3715.334378	65.484255	-11.327990	0.385712	60.482697
2325	3719.513401	65.427518	-11.384585	0.387373	59.631095
2327	3721.602694	65.600788	-11.386631	0.387340	64.066030
2329	3723.693051	65.214430	-11.436388	0.384923	62.292871
2331	3725.783629	64.884008	-11.401062	0.383108	61.515386
2333	3727.875132	64.870013	-11.426528	0.381551	60.581623
2335	3729.967276	64.636070	-11.443452	0.378412	62.677996
2337	3732.059541	64.440913	-11.455434	0.374520	58.827052
2339	3734.151402	64.782057	-11.494720	0.374389	59.732005
2343	3738.332712	64.687379	-11.505186	0.372415	59.882617
2345	3740.422417	64.462684	-11.562972	0.370715	60.071188
2347	3742.511570	64.371265	-11.524058	0.368910	61.204395
2349	3744.601092	64.420485	-11.509796	0.369436	60.797978
2353	3748.779600	64.100192	-11.496223	0.367191	58.289834
2355	3750.868891	64.200274	-11.528699	0.368208	61.290722
2357	3752.958587	64.136401	-11.576345	0.367401	59.058088
2361	3757.137365	63.917593	-11.593998	0.365233	58.528029
2363	3759.226712	63.801302	-11.566984	0.363078	57.129322
